
 Iperparametri ottimali: 
{'max_depth': None, 'min_samples_leaf': 1, 'min_samples_split': 2}

 Accuracy: 
0.8436666666666667

 Best score: 
0.828450996735431

Classification Report:
              precision    recall  f1-score   support

           1       0.83      0.89      0.86        94
           2       0.76      0.88      0.81        82
           3       0.83      0.91      0.87       101
           4       0.87      1.00      0.93        85
           5       0.76      0.90      0.82        98
           6       0.87      0.88      0.87       107
           7       0.86      0.92      0.89       103
           8       0.83      0.96      0.89       100
           9       0.97      0.97      0.97       110
          10       0.83      0.98      0.90        98
          11       0.85      0.97      0.91       103
          12       0.94      0.96      0.95        98
          13       0.85      0.84      0.84       100
          14       0.79      0.84      0.81        94
          15       0.81      0.89      0.85        91
          16       0.89      0.92      0.90       113
          17       0.81      0.79      0.80       112
          18       0.83      0.80      0.81        98
          19       0.89      0.80      0.85       106
          20       0.91      0.67      0.77       108
          21       0.91      0.75      0.82       110
          22       0.77      0.89      0.83        97
          23       0.70      0.69      0.70       106
          24       0.89      0.85      0.87       109
          25       0.88      0.83      0.85        98
          26       0.92      0.92      0.92       118
          27       0.76      0.75      0.75        99
          28       1.00      0.99      0.99        92
          29       0.82      0.68      0.74       109
          30       0.88      0.95      0.92       108
          31       0.83      0.80      0.81       104
          32       0.75      0.84      0.79       100
          33       0.81      0.79      0.80        96
          34       0.91      0.95      0.93        95
          35       0.74      0.58      0.65        92
          36       0.91      0.76      0.83       105
          37       0.84      0.87      0.86        87
          38       0.82      0.83      0.82        98
          39       0.82      0.77      0.79        90
          40       0.84      0.90      0.87        84
          41       0.91      0.86      0.88       120
          42       0.83      0.77      0.80        97
          43       0.93      0.70      0.80       106
          44       0.69      0.89      0.78        84
          45       0.87      0.77      0.82       101
          46       0.80      0.75      0.77       107
          47       0.79      0.88      0.83        97
          48       0.94      0.89      0.91        99
          49       0.80      0.79      0.79       108
          50       0.75      0.80      0.77       114
          51       0.91      0.82      0.86       105
          52       0.91      0.92      0.92       102
          53       0.82      0.74      0.78        84
          54       0.80      0.86      0.83       105
          55       0.88      0.73      0.80       104
          56       0.71      0.77      0.74        88
          57       0.77      0.77      0.77        99
          58       0.92      0.93      0.92        86
          59       0.92      0.98      0.95        89
          60       0.96      0.93      0.95       107

    accuracy                           0.84      6000
   macro avg       0.84      0.84      0.84      6000
weighted avg       0.85      0.84      0.84      6000


Confusion Matrix:
[[ 84   1   0 ...   0   0   0]
 [  0  72   0 ...   0   0   0]
 [  0   0  92 ...   0   0   0]
 ...
 [  0   0   0 ...  80   1   0]
 [  0   0   0 ...   0  87   0]
 [  0   0   0 ...   0   1 100]]

Precision:
0.8464866033118148
Recall:
0.8436666666666667
F1-Score:
0.842493669573691
